Id,SalePrice
2658,148006.97872183027
2718,194634.18313477185
2414,190938.05825694127
1989,117556.39090638925
625,166341.66721689733
333,82097.27005621644
1327,98628.05623431355
858,163133.3013039933
95,202634.14084684424
1568,157629.22055248934
2482,162340.7036352101
1364,131353.28971620926
2584,166759.08968440702
818,310312.8313914886
2673,160220.27486732922
2089,129456.74790587387
1297,154271.68208706024
790,119021.42207152589
2616,180767.02946540454
720,188311.50018178223
222,123782.46907713916
557,121090.48772848456
1148,191308.238534341
2766,151325.1444991195
534,192648.50463872415
1452,119311.01252589392
630,123683.48222275314
2648,119818.51719189835
125,135663.71197769925
1904,24815.66305324997
1670,92000.32098524354
756,91948.43764927228
717,255112.74184600107
1032,138329.1466387657
852,208623.8823214977
1731,189619.22258462934
2639,108853.55288965597
2071,71325.8976214969
1267,102539.55861146374
1851,205138.3163862386
567,159852.23217662852
2439,210232.58641043273
1898,148960.4900397265
647,141287.05334293965
2256,203900.1605401688
979,99311.32946903243
1444,214024.86491899146
2485,99445.63676984578
157,108150.7295906774
88,105476.55647585803
2003,98016.37199135065
186,218661.86952881073
1425,270750.5479179137
2695,117748.07180045274
738,87934.8483239344
395,147684.80674612292
1353,163096.58619897705
1878,140842.4189720737
390,177351.33918942057
1456,243646.0086541605
1103,295390.03504129796
1387,110910.65586183542
2070,123177.5711520291
1199,186009.69089225694
2479,169282.11853375734
501,312174.06094512355
2362,78756.68434136074
1718,181005.85000499955
2188,67778.24394589629
1483,142481.41470509805
2557,75093.10078444172
437,259164.48563508858
2224,186141.53245474165
1628,178211.9997867936
397,116110.55724678826
587,198471.83992942626
2182,508381.90574102674
971,157506.27675068844
2611,139164.22890978534
1887,85288.65494528032
2399,310174.1707949132
2148,203819.25219106997
304,119307.26342179083
1997,117277.71472613091
2817,108345.19433890347
1431,201828.1059282033
427,339046.84439814166
263,112120.6448387475
598,172288.9587022782
2895,246684.17403808393
687,163416.55735877657
1822,118477.09857145754
2191,90247.44029881527
179,132550.33896438376
1009,203963.39248478386
2010,112082.34930819101
1991,133855.01860513704
1411,146956.85643775744
1721,234461.6838484464
1144,183689.74319577546
593,215974.2812737353
575,244005.867736303
1249,172558.0672805589
1604,120696.3810704313
1064,386329.1834916725
1923,140320.23788724653
1988,91899.7681994711
2325,167007.13442329707
114,197978.68997661705
2700,197863.78224110967
217,134394.28531873482
343,183797.17827967613
386,232543.573904899
2005,96341.92427727772
2908,127419.72734165
1814,166610.00697229453
2446,412325.12931999867
208,145149.21457587543
1679,121854.38817202301
822,295548.5129095859
6,180714.2785877173
1781,358292.3503778626
2397,267042.3950701968
2340,272832.9675250441
1618,168357.32991705684
2843,121494.48310112166
1061,322191.7895226503
2786,118017.67900401054
1935,112664.11120019502
1341,109284.03419687401
521,291154.66239996685
2136,124777.74217562332
996,182614.75060289004
227,130252.93688321757
135,148508.47777298768
1167,168166.1534877664
294,205051.43003939276
1776,203581.5776527743
540,184682.8507400568
1717,181005.85000499955
2303,105644.65470762781
116,191741.58900080653
127,127943.18186391714
1371,131679.37447501413
1014,179289.1423433369
1507,90678.67315713153
702,160806.40156726883
750,157257.04090801947
261,142889.28135274947
1559,51662.00196448476
577,211895.27643089887
2812,209426.1188898599
2080,143595.1330793654
1368,130135.46912191916
2376,97471.49047341032
659,92327.73008874811
1235,124162.46604650992
332,75585.25502205559
1917,126723.44232477917
2094,250766.73249411373
1460,261863.19422397856
1471,204140.11650744837
1509,110713.90132653633
1922,116071.94203315872
433,399916.6029748743
460,258409.43104677286
1116,255583.44777472137
1137,165648.62926653968
53,181949.1827302216
2354,236853.20920605923
1475,201690.7077955475
1761,452179.1337840152
842,130804.49500482532
2739,159734.19640220224
2509,173549.5213220624
1007,205739.51153637274
2610,173409.77096480306
1952,68418.81892983153
2719,188148.74986704678
2921,81097.61562556824
1966,131677.73042168943
292,112444.9838503943
1204,194839.30877891037
1829,229729.35614934823
2419,193135.4894609257
391,172130.29637147082
798,114154.079632129
481,191096.20420006083
193,197539.2211144141
555,130426.21811979843
899,54756.52580947049
2357,185217.70122232623
328,123105.23129302324
1356,111643.50394972131
1154,107738.56780994918
1730,167972.50513523404
2249,148644.4047739143
1119,276821.99930178456
2856,112324.64912474826
1394,125226.07668376176
2587,114798.74487429082
61,330951.81451478065
2661,203542.650117074
2711,123385.40325435673
1147,181956.19595375145
757,158056.89700951395
2623,75010.11513589288
2378,155775.94850623675
1413,134670.00766972388
1722,222463.9769073901
1112,227391.58610979334
1623,185549.56133739607
1201,201152.95509122152
1513,98587.4382982975
957,200964.19353711983
1171,249867.26317419787
1145,195718.5508005057
2726,230271.7271033512
703,152673.84105818436
760,71148.60204708444
1964,130267.18837248693
2512,198333.6431417682
159,149890.81513804867
1281,178606.84711539297
468,174196.41675769346
290,112592.49473496551
665,94842.5358380969
1463,260094.43984187854
1792,230138.81767762525
923,124620.15976333455
500,271285.303635755
1408,139736.92799734807
331,58915.11737974416
170,112170.44767124618
2192,66220.6612802107
2571,278670.9305034127
2314,167326.03990426427
2647,79370.24365905998
422,344278.9251575682
2457,324875.22475607786
1838,196807.60852871812
2805,251361.19658409635
1645,182828.03359896567
1711,288218.6594362684
2825,238820.27725878888
322,323351.72673295793
2103,273319.11311586626
342,119516.56508105766
600,85478.85393210952
488,191199.91121730144
1725,293378.11435398116
2246,273093.9273956191
2847,151970.06772641334
806,238357.8212993304
530,222624.68457779704
963,182298.36627523188
2678,54986.54312833116
171,75585.45604500837
2401,345904.1850826729
805,206657.9482957454
2259,213392.49708002867
1748,180299.42424917992
1361,133369.55881630798
1677,127396.89870459016
1406,155378.3882607165
2322,183605.10297932493
688,165319.72145789056
143,119980.47767847986
804,194457.8634008584
1214,214869.88747461708
2828,154059.10751770955
1999,207912.62316500433
2467,198752.50530531703
2665,184350.67525248945
1538,348030.0375056471
398,95651.8357074996
2822,118299.80326323115
2157,141976.16729209843
1856,159189.99283131654
1269,106110.43370520973
2570,101268.46764173501
2320,265628.3934692261
1517,131119.1756251592
2304,109490.81268912651
1312,90529.69126526896
2012,128713.88501025786
506,208134.17451005313
2865,182027.3488040913
2367,113360.05733201407
554,104282.90671928244
238,114233.38414413006
1954,99342.48515351061
2488,157727.89087623957
2291,84096.57891751283
1969,82998.05890782666
2725,167468.06147109406
1482,142481.41470509805
2763,204738.27895206242
503,222145.3990902825
1584,238990.94263630066
1531,167512.24338182848
2210,172582.0843980758
459,296411.1176719142
556,121436.69055978124
1347,148490.5280141557
1290,72080.76192236993
1388,95367.83229512624
1571,169271.09685686935
2754,200325.51536687664
765,124663.67355715783
2494,119011.6264921846
2870,161127.3099141374
7,216143.01281693598
1114,236231.28673006553
2418,275232.3959348659
291,132127.1513089033
18,313447.83757037116
39,310641.90170606645
1001,237475.10196131616
2442,228554.22929754594
616,106843.6742006649
2680,50180.6121172405
1414,100924.86089004377
289,120851.43769834825
40,267719.617903713
860,132161.86883604294
409,141792.6562116215
673,156150.74070644708
2427,181660.35413854753
2036,189169.99420370412
2564,125961.60956362882
642,183909.60303181843
1008,172046.9254983622
1908,142667.69361901967
2519,208561.34808650645
1369,97075.04709665968
2855,155612.84301325222
712,74516.20293488345
1943,98123.60897400901
1958,118517.33589940105
107,178668.56195124227
2295,174458.41863281804
704,96807.93996793115
676,104891.5619859131
259,177789.31223582238
93,269672.44239128724
106,234985.79516327177
2315,183562.40043357838
1050,96111.03019017722
1095,191420.66750772184
2709,143270.75769814645
758,132422.2827772738
1496,170327.90512418762
2370,126897.28673177303
2458,264217.1236662123
2733,110198.5541084514
161,234861.24024261124
726,169308.18236366296
845,211468.15779556884
947,255352.84937633094
2232,119109.95112148953
2563,133000.87598148483
2299,122223.65633046799
211,93348.97268035686
605,193230.35538952437
1478,208599.19910130862
2247,274781.7808652787
2274,225540.5187164062
2869,166661.51517337904
967,220645.22991702313
2656,85386.20392817608
667,241839.30391569395
1042,114568.60989451424
2023,154261.34743657277
2447,331136.8651295885
2055,114529.48287601034
2275,271355.49623085995
2204,155261.70973712532
1563,272932.83022442716
483,201144.75912260023
796,115745.94716094223
1526,140633.48853474023
2042,181406.60247259386
442,315274.7981224845
1693,296299.2049507635
1468,205612.77925933167
1430,182202.25902310567
2605,169079.61241871273
1529,175311.57953253135
335,128225.67581267207
1287,131478.67640055827
31,100387.2549187081
1785,263571.80791162903
82,160461.24106037806
2620,101278.84694145407
252,220726.15799549205
721,49031.16815135436
2165,175716.39975257707
2316,170768.3827527745
775,147415.16392416123
1558,116568.26167289415
17,240328.35925819704
1022,228322.58804372902
925,102300.95443991356
438,279314.8380138384
1270,141807.69446087474
1272,103960.54450810651
215,125331.81411152607
266,225261.18462706974
2402,241840.1890332919
1250,120565.203949246
1984,129681.8594312016
1279,136470.1744790834
377,243862.89668215736
1252,128084.14303116626
2156,241545.2436246423
499,303411.16967442783
1374,101207.81405238897
2898,249841.01375645914
401,95531.94590115912
2721,165084.27404516135
2078,235875.5417229347
2589,102360.99347742432
1946,258382.75486844603
1334,120911.97779211498
2781,243350.76598368236
431,345771.58427506883
576,208484.08840251341
1474,202188.28366709777
2254,146181.1991741676
2155,294245.6518377376
885,99003.38588047607
643,148583.87814504586
1944,120577.82293884721
480,198640.06050955484
2845,105559.14292395925
2387,291268.9772936414
2407,203203.14236619897
2527,158891.15992914114
2514,171204.94025679337
629,177760.32073687974
80,214800.497493485
1876,124505.21219806527
1546,125799.19003652278
2518,162614.43890446177
2347,156948.09707806527
783,154122.4824528721
1322,39136.1403693473
194,55420.828930543445
1770,272872.22064088105
2143,132997.74379317695
1229,198167.43813165207
511,269665.3722765725
46,204982.3187818902
1348,171469.66478013352
2465,197226.9560307473
387,227761.46171967202
873,198226.75454503312
1918,105474.80151965626
2764,229034.59123702502
2184,111936.60528545591
934,145167.91869325913
1920,113997.87915142416
2631,141481.01836070002
1768,490169.6136156203
2040,106371.97186827607
1749,214406.97342081994
834,241051.69780178796
1457,230409.3090465734
79,114849.06577388124
2302,99595.01860863538
1817,131852.95121751213
2755,251467.47582596238
359,167943.4638536503
2059,103089.51925408807
2092,240345.36692257863
2516,236200.19034322776
150,98725.75417149659
1656,116232.23274737463
83,90302.6882641603
2411,172733.43593697203
795,71863.82199764103
2312,233283.05361823135
2917,76446.98078469584
1624,183271.14811752795
2215,290593.9801040679
1211,132690.43530927628
1485,142481.41470509805
1024,167757.05803098466
570,183535.7260948121
2874,146681.96745253578
700,150224.78447246653
2756,219737.62112812282
2022,179279.84413294744
583,211775.99352601593
2392,315436.4834716709
2424,210564.3413467228
212,104757.08190335469
736,115481.23944260404
1610,182659.27400748714
890,96178.10579298032
467,171893.7662545103
578,256765.30307510262
1747,180838.10175510714
1149,163980.0935903181
2758,225310.6999468797
857,123604.36095130187
2219,279045.43029128993
733,98360.24147908232
2909,109364.2857521873
1798,276845.36149605364
235,97653.90840384006
2366,126962.97099962614
1027,125325.80633448475
1195,141233.00699936837
1303,1314.1684985312459
148,162928.5561128324
608,141937.47581229534
2515,201348.99325255118
821,271890.1993414295
2500,265616.14160355914
745,103934.71166737351
741,132370.64740292472
1611,135227.9072865151
2532,105047.58926265892
1081,220673.5794809143
1692,359708.31153495185
2520,195653.77875432762
276,130378.22467897728
1992,117370.80062261078
663,4140.836323593772
418,136512.38092224434
1733,188100.7038324816
2359,145486.1448069204
253,195954.71545959622
1518,173127.224522587
2035,127837.35637730866
2919,75585.25502205559
1540,210253.85956064193
2120,156535.18496164688
1674,181796.357342299
256,139181.89984134585
2361,78500.9996720858
978,63433.41985778985
2280,151313.39758992125
2095,209315.7382499892
1709,294969.59419669554
2801,223077.800445761
1246,86000.82793979594
2373,113323.49069419222
1055,279767.6260877801
2017,107413.30079401194
1099,258619.65194584586
1344,79108.5687224196
835,180183.95768813527
1117,210816.90923749525
2043,79091.35904636924
2085,134845.4803698145
410,157266.3069973031
2650,117775.48467314131
2867,157089.92164069848
1668,108676.77498275126
1161,187900.72700862028
2122,170258.4450762026
2539,119031.40979648102
1047,143947.97032520146
1445,134200.456549362
541,124739.25312253152
569,212541.51004214547
1276,140245.11031440794
918,137678.91137033835
326,164032.43819677221
1936,107246.49125865026
895,94394.90655712818
257,142224.6344771842
1241,169801.85688038473
1545,116290.55802278125
1189,166257.13037541704
270,142481.41470509805
2066,189447.56341520947
693,107342.83063366149
1259,218165.60253900493
2916,148722.88494742173
2321,281350.3034081916
1977,89697.45912154291
1895,147636.20175341546
1240,160818.50299918986
85,141148.9072996883
1823,104905.34909399269
825,269482.81180676335
110,208662.71878939302
697,116153.70249431343
2297,87711.12798381971
1231,122810.44029507831
1355,121956.00197138742
968,306131.66266313556
584,226940.4101838708
1315,113071.13808722184
1606,132336.77357150475
206,130254.0795510035
1685,302087.6006424994
2016,120742.30618416585
869,212277.74116795737
2135,117654.57820052368
2346,168563.27114673934
2430,238109.04886996647
2198,71150.42687416937
2652,126959.64350767736
27,94504.01046158577
241,170189.9214321394
906,100364.33566313933
1506,97695.18857382018
2098,338323.3689691026
1435,205678.22687063267
2213,105987.09308124924
1274,139801.8644751422
743,4714.569608128513
1737,199042.7566946504
2797,267307.87966566824
2185,67055.155787002
58,180876.76465191276
830,195755.80537421806
808,132487.67425601697
680,144774.3376306528
1153,98253.47193798833
1291,137007.81780268703
1818,164176.24167407444
2161,197362.29648071
1883,123048.4522951283
350,302918.77025221975
2473,145158.4998171711
295,172084.66969545922
293,182413.69364375345
859,112712.78517404462
288,41102.45597174298
1578,139930.7648986297
102,167277.89166103286
2831,178578.90028308
1030,169041.59818656044
2551,131338.2096427802
1286,150164.72025563408
958,307041.097217743
776,137494.13050411604
72,187438.34632315734
2263,259531.6825768053
1866,146203.31555404043
2876,48731.992450825055
2146,253157.9508338124
103,195414.27405470493
1500,153765.4680928404
492,149657.92924062995
167,130939.10389389946
2597,101404.42487634282
2685,92364.64294403586
1035,139218.82772964117
1220,49627.80670784562
2602,140738.18627052428
2159,207039.1731256543
695,152397.68213166378
1109,228192.0864026629
640,173912.87371422435
1652,151921.4250995369
2090,180968.40019128434
1188,185692.3656755785
2345,226290.29353865015
1059,349927.74907020363
2751,254663.11285940016
128,190621.35553581922
1523,161133.9411881617
2925,142666.75649223672
2145,290310.6059691912
1121,221804.69695326657
566,287327.8020062991
565,204738.23331273842
1331,124719.19093721267
2928,108565.331999782
156,131530.67318848448
797,138521.72723376512
327,82597.09727154054
2859,126925.46580607293
1453,93965.13798742549
1762,327032.0319512456
1868,214891.94694462031
1760,183305.0183900906
1113,265213.6665427163
1812,188384.487074892
117,158980.53136672967
1142,194489.38060379724
2342,317790.25279157783
927,107213.88043741036
2478,199221.37219437215
655,50949.76789970929
2064,98808.97166785032
369,245835.0935089491
2239,129345.5335191266
2732,217527.87745234126
1653,155786.33133275964
959,213807.28522929357
2395,309136.0544323043
1412,94109.87094122682
271,254624.65577390784
1484,142481.41470509805
1497,125571.88977441675
552,170236.55898408417
2,103022.92478263973
1855,270734.8469894845
4,242894.70097914312
2292,151871.52236441828
134,114541.2295739307
646,100785.21791819093
42,294471.7538152338
532,218658.11560773087
713,96094.11724923574
2561,107958.91529792103
2360,117485.73832675064
1333,112382.15648541854
1407,191686.89825881482
2892,280614.0402197775
574,220211.1920946669
1227,177904.53106359157
2591,237536.2012193111
1476,201655.93417629268
1125,255595.50515157008
1446,109296.58171337332
408,110980.83543316848
1101,279057.6085275121
2251,180706.16906357248
373,202597.56074639133
2554,110603.0422641285
2382,264769.0631438958
1985,64288.97208104246
519,217264.46615008623
1093,189362.7437007687
864,251967.93787843396
2889,141773.05596254222
2308,203846.6629495435
986,147461.35714657579
1302,158618.61676201338
585,163286.50876614207
2708,150876.570168698
147,134162.52147944755
1441,211756.97423673584
383,169823.94268066488
285,175665.65493560117
181,104917.4789472546
358,165018.2071168501
780,164999.73067710115
258,203457.07848214914
1865,203832.08168117265
692,129345.02489185936
2902,304072.9677084079
508,282892.00090089935
2638,127831.91838837214
36,156013.9184072185
611,170424.29953132212
2281,126137.27035936627
1678,127396.89870459016
1696,362800.35528064694
1557,72109.35330455298
2180,148598.11937739264
1726,230813.279457362
951,124080.7521626298
267,222594.62671252777
2706,120684.17635621913
2221,205526.99940975368
1357,157691.93078766766
2901,274521.75493607274
347,182979.49117652015
2164,189097.77110224467
1586,295033.74015790375
360,159361.62103360126
1769,227659.39553251944
2617,173425.48788322796
1879,157128.12739579906
991,204503.4348128456
1535,111461.01622864451
1191,157109.54928458575
1579,222497.25331218843
1882,156072.82553741732
1510,108739.35016029007
2196,167007.5990518671
1845,167277.89166103286
2336,335693.19929907273
942,86978.8813669682
861,103142.83556662251
2555,106613.99660583102
1392,124103.2969735673
2099,267769.08898969094
1543,140313.92234947614
948,252782.51244012106
1239,141291.71667640939
22,169302.94609937049
2796,248707.6870425287
2747,161409.37940088246
92,280040.0027999535
210,147513.88625765685
1858,209089.77701982472
2228,211229.72978111947
447,220309.13676293433
827,220474.1995973825
1649,217150.56993904605
682,131685.9240151361
2698,109741.584578139
494,180763.06292659297
214,101374.69787767797
2441,254373.35246440273
2679,89049.3185928326
1336,111401.89904067472
465,183368.96224952023
1524,116940.51291091181
2543,109641.05333134937
631,108675.66003365738
2452,290682.22859175387
228,176792.63075894027
126,174983.68596181783
1092,203849.39908168348
1122,201095.48475116733
932,202725.63186804616
1980,53466.424128616694
2171,99437.98297231672
551,168365.60601018823
2768,163245.97466630576
2056,104518.68182543949
1159,319921.07879191596
2645,124233.53978961348
1174,180078.48889596778
2266,210980.4096284371
2462,331839.568600951
1219,125487.52787693685
2922,196917.67853447242
118,146648.36648284912
474,180167.92854375963
2576,158735.57933242305
872,260618.63962891564
1077,232285.19984164607
1536,141839.4612604528
1150,117596.22090589622
2341,277267.4237615278
1931,119650.79954090266
2785,109397.23285010761
2538,112393.8581700483
597,207352.4620815649
464,193952.91693064792
233,194325.14668661094
2169,102193.65433494098
2123,164902.28047710596
1867,157444.84707111167
137,237554.91483226646
515,216252.33828072867
933,131903.73034327006
2784,189741.0195241799
972,176038.750148679
599,157702.97021008268
2614,110203.24112666697
2582,130006.57200916464
1409,149875.18919024387
175,75440.93370275472
352,224947.74482044624
976,72829.88145360287
2134,198168.59055779298
984,102619.4588138448
2396,298929.3564126558
1673,142816.28334459628
404,125446.05471058923
607,149665.15313573056
814,143771.6049925643
868,202033.34017836594
2271,191593.39318741424
1633,228733.88030740432
337,197605.8907207777
2765,176232.94730168697
1746,203360.69256215796
368,311752.73406922095
2806,200556.59113056262
1662,178826.3708988506
1234,189305.43622642427
1373,129747.6691023976
1672,93508.82287564217
1939,95555.52166143463
